

0.039200000000000006 0.0692 0.12359999999999999 0.136 0.12839999999999996 0.11239999999999999 0.11079999999999998 0.08999999999999998 0.06399999999999999 0.058 0.0416 0.02 0.0068000000000000005 
0.03782016 0.068144 0.12168512000000001 0.13556352 0.12866751999999998 0.1129632 0.11085631999999998 0.09073215999999999 0.06491519999999999 0.0582112 0.04217728 0.020760320000000002 0.007504 
0.03507616 0.06466416 0.11682112 0.13278064000000003 0.12876303999999997 0.11435072 0.11153151999999998 0.09224447999999998 0.06746735999999999 0.059546400000000006 0.04353648 0.0228496 0.010368320000000002 
0.030560319999999995 0.058464159999999994 0.1070744 0.12648816000000002 0.12685567999999997 0.11628943999999998 0.11310335999999999 0.09531584 0.07197488 0.06278976 0.046760960000000004 0.02669712 0.017625919999999996 
0.025025279999999997 0.04971232 0.09319312 0.11499056 0.12163632 0.11664128 0.11526799999999998 0.09982464 0.07871744 0.06814448 0.05232 0.032971520000000004 0.03155504 
0.01933344 0.039821279999999994 0.0765424 0.09930880000000002 0.11124224 0.11374511999999999 0.11585215999999998 0.10500944 0.08700144 0.07575824 0.060056 0.04166688 0.05466256000000001 
0.015288000000000001 0.03103344 0.061037280000000006 0.0813784 0.09634480000000001 0.10500223999999998 0.11312111999999998 0.10774015999999999 0.09486944000000001 0.08466144 0.06936223999999999 0.051632 0.08852943999999999 
0.01127392 0.023916 0.046678880000000006 0.06460352 0.07919264000000001 0.0917432 0.10454207999999998 0.10713903999999998 0.10026256 0.09314384000000002 0.07994479999999998 0.06315008 0.13440944000000002 
0.007777279999999999 0.017225920000000002 0.03470896 0.04913904 0.06309568 0.07601824000000001 0.09142576 0.10041535999999998 0.10198063999999998 0.09907216 0.08989008 0.07565936 0.19359151999999996 
0.004876480000000001 0.01150928 0.02399328 0.03625152 0.048193599999999996 0.06110528 0.0758192 0.08883824 0.09718095999999998 0.10123423999999999 0.097032 0.08720304000000001 0.2667628799999998 
0.00264992 0.00690448 0.015186720000000003 0.02483152 0.03573776 0.047111999999999994 0.06099712 0.07441312 0.08708064 0.09677535999999999 0.10012559999999998 0.09557184 0.3526139199999998 
0.001176 0.0035499200000000002 0.00853648 0.015558720000000002 0.024603519999999997 0.03525776 0.047063999999999995 0.06037312 0.07363312 0.08690064000000002 0.09628335999999998 0.09947759999999999 0.44758575999999983 
2.8224E-4 0.001392 0.0039416 0.00862576 0.015504000000000002 0.024488319999999997 0.03524624 0.046914239999999996 0.06018592 0.07358992 0.08678256000000001 0.09612783999999999 0.54691936 

0.04599999999999999 0.0816 0.12439999999999998 0.14920000000000003 0.11360000000000002 0.1108 0.102 0.08760000000000001 0.06640000000000001 0.05079999999999999 0.0384 0.0212 0.008 
0.04362639999999999 0.07976304000000001 0.12219151999999998 0.14792032000000002 0.11543696000000002 0.11094448 0.10245407999999999 0.08834304000000001 0.06749392000000001 0.05160496 0.03903984 0.022087520000000003 0.00909392 
0.03650559999999999 0.07187856000000001 0.11372911999999999 0.14187280000000002 0.11966816000000001 0.11321488 0.1039608 0.09102624000000001 0.07151872000000001 0.05511375999999999 0.041764319999999994 0.02538992 0.01435712 
0.0266984 0.05716784000000001 0.09671967999999999 0.12812304000000002 0.12121056000000001 0.11804304 0.10810736 0.09560304 0.07872176 0.062464479999999996 0.0479168 0.03178144000000001 0.02744256 
0.0168728 0.03975648 0.07286688 0.10581631999999999 0.11506496000000001 0.12018352 0.11481519999999999 0.10282544 0.08782688 0.07299968000000001 0.05791616 0.04160784000000001 0.051447839999999995 
0.0090896 0.023907360000000002 0.04821376 0.07776736 0.09878176000000001 0.11451167999999999 0.11844464 0.11196976 0.09863632 0.08474432 0.07054943999999999 0.05451744000000001 0.08886656 
0.0040663999999999995 0.01223664 0.027690879999999998 0.050406079999999985 0.07462032 0.09853424 0.11373376 0.11717168 0.11009568 0.09725728 0.08364815999999999 0.06902895999999999 0.14150991999999998 
0.0015088 0.00523408 0.013640480000000002 0.02850432 0.049238399999999995 0.07452848 0.0982456 0.11326144 0.11647632 0.109584 0.09685055999999999 0.08308399999999999 0.20984351999999998 
4.783999999999999E-4 0.00187904 0.0056792 0.013898400000000003 0.028134080000000002 0.04920928 0.07443696 0.09809584 0.11304096000000001 0.11631407999999999 0.10945503999999999 0.09667168 0.29270704000000003 
1.472E-4 5.9232E-4 0.002016 0.00575856 0.013784480000000002 0.02812512 0.04918112 0.07439087999999999 0.098028 0.11299104 0.11627439999999999 0.1094 0.3893108799999999 
3.68E-5 1.7568E-4 6.2656E-4 0.00203584 0.00573008 0.013782240000000001 0.02811808 0.0491696 0.07437392 0.09801552 0.11298112 0.11626063999999998 0.49869392 
0.0 3.68E-5 1.7568E-4 6.2656E-4 0.00203584 0.00573008 0.013782240000000001 0.02811808 0.0491696 0.07437392 0.09801552 0.11298112 0.61495456 
0.0 0.0 3.68E-5 1.7568E-4 6.2656E-4 0.00203584 0.00573008 0.013782240000000001 0.02811808 0.0491696 0.07437392 0.09801552 0.7279356800000002 

0.0 0.0 0.0 0.0 0.0 0.0 0.0 0.0 0.0 0.0 0.0 0.0 0.0 
0.039200000000000006 0.0692 0.12359999999999999 0.136 0.12839999999999996 0.11239999999999999 0.11079999999999998 0.08999999999999998 0.06399999999999999 0.058 0.0416 0.02 0.0068000000000000005 
0.03782016 0.068144 0.12168512000000001 0.13556352 0.12866751999999998 0.1129632 0.11085631999999998 0.09073215999999999 0.06491519999999999 0.0582112 0.04217728 0.020760320000000002 0.007504 
0.03507616 0.06466416 0.11682112 0.13278064000000003 0.12876303999999997 0.11435072 0.11153151999999998 0.09224447999999998 0.06746735999999999 0.059546400000000006 0.04353648 0.0228496 0.010368320000000002 
0.030560319999999995 0.058464159999999994 0.1070744 0.12648816000000002 0.12685567999999997 0.11628943999999998 0.11310335999999999 0.09531584 0.07197488 0.06278976 0.046760960000000004 0.02669712 0.017625919999999996 
0.025025279999999997 0.04971232 0.09319312 0.11499056 0.12163632 0.11664128 0.11526799999999998 0.09982464 0.07871744 0.06814448 0.05232 0.032971520000000004 0.03155504 
0.01933344 0.039821279999999994 0.0765424 0.09930880000000002 0.11124224 0.11374511999999999 0.11585215999999998 0.10500944 0.08700144 0.07575824 0.060056 0.04166688 0.05466256000000001 
0.015288000000000001 0.03103344 0.061037280000000006 0.0813784 0.09634480000000001 0.10500223999999998 0.11312111999999998 0.10774015999999999 0.09486944000000001 0.08466144 0.06936223999999999 0.051632 0.08852943999999999 
0.01127392 0.023916 0.046678880000000006 0.06460352 0.07919264000000001 0.0917432 0.10454207999999998 0.10713903999999998 0.10026256 0.09314384000000002 0.07994479999999998 0.06315008 0.13440944000000002 
0.007777279999999999 0.017225920000000002 0.03470896 0.04913904 0.06309568 0.07601824000000001 0.09142576 0.10041535999999998 0.10198063999999998 0.09907216 0.08989008 0.07565936 0.19359151999999996 
0.004876480000000001 0.01150928 0.02399328 0.03625152 0.048193599999999996 0.06110528 0.0758192 0.08883824 0.09718095999999998 0.10123423999999999 0.097032 0.08720304000000001 0.2667628799999998 
0.00264992 0.00690448 0.015186720000000003 0.02483152 0.03573776 0.047111999999999994 0.06099712 0.07441312 0.08708064 0.09677535999999999 0.10012559999999998 0.09557184 0.3526139199999998 
0.001176 0.0035499200000000002 0.00853648 0.015558720000000002 0.024603519999999997 0.03525776 0.047063999999999995 0.06037312 0.07363312 0.08690064000000002 0.09628335999999998 0.09947759999999999 0.44758575999999983 

0.04362639999999999 0.07976304000000001 0.12219151999999998 0.14792032000000002 0.11543696000000002 0.11094448 0.10245407999999999 0.08834304000000001 0.06749392000000001 0.05160496 0.03903984 0.022087520000000003 0.00909392 
0.03650559999999999 0.07187856000000001 0.11372911999999999 0.14187280000000002 0.11966816000000001 0.11321488 0.1039608 0.09102624000000001 0.07151872000000001 0.05511375999999999 0.041764319999999994 0.02538992 0.01435712 
0.0266984 0.05716784000000001 0.09671967999999999 0.12812304000000002 0.12121056000000001 0.11804304 0.10810736 0.09560304 0.07872176 0.062464479999999996 0.0479168 0.03178144000000001 0.02744256 
0.0168728 0.03975648 0.07286688 0.10581631999999999 0.11506496000000001 0.12018352 0.11481519999999999 0.10282544 0.08782688 0.07299968000000001 0.05791616 0.04160784000000001 0.051447839999999995 
0.0090896 0.023907360000000002 0.04821376 0.07776736 0.09878176000000001 0.11451167999999999 0.11844464 0.11196976 0.09863632 0.08474432 0.07054943999999999 0.05451744000000001 0.08886656 
0.0040663999999999995 0.01223664 0.027690879999999998 0.050406079999999985 0.07462032 0.09853424 0.11373376 0.11717168 0.11009568 0.09725728 0.08364815999999999 0.06902895999999999 0.14150991999999998 
0.0015088 0.00523408 0.013640480000000002 0.02850432 0.049238399999999995 0.07452848 0.0982456 0.11326144 0.11647632 0.109584 0.09685055999999999 0.08308399999999999 0.20984351999999998 
4.783999999999999E-4 0.00187904 0.0056792 0.013898400000000003 0.028134080000000002 0.04920928 0.07443696 0.09809584 0.11304096000000001 0.11631407999999999 0.10945503999999999 0.09667168 0.29270704000000003 
1.472E-4 5.9232E-4 0.002016 0.00575856 0.013784480000000002 0.02812512 0.04918112 0.07439087999999999 0.098028 0.11299104 0.11627439999999999 0.1094 0.3893108799999999 
3.68E-5 1.7568E-4 6.2656E-4 0.00203584 0.00573008 0.013782240000000001 0.02811808 0.0491696 0.07437392 0.09801552 0.11298112 0.11626063999999998 0.49869392 
0.0 3.68E-5 1.7568E-4 6.2656E-4 0.00203584 0.00573008 0.013782240000000001 0.02811808 0.0491696 0.07437392 0.09801552 0.11298112 0.61495456 
0.0 0.0 3.68E-5 1.7568E-4 6.2656E-4 0.00203584 0.00573008 0.013782240000000001 0.02811808 0.0491696 0.07437392 0.09801552 0.7279356800000002 
0.0 0.0 3.68E-5 1.7568E-4 6.2656E-4 0.00203584 0.00573008 0.013782240000000001 0.02811808 0.0491696 0.07437392 0.09801552 0.7279356800000002 

0.0 0.0 0.0 0.0 0.0 0.0 0.0 0.0 0.0 0.0 0.0 0.0 0.0 
0.039200000000000006 0.0692 0.12359999999999999 0.136 0.12839999999999996 0.11239999999999999 0.11079999999999998 0.08999999999999998 0.06399999999999999 0.058 0.0416 0.02 0.0068000000000000005 
0.03782016 0.068144 0.12168512000000001 0.13556352 0.12866751999999998 0.1129632 0.11085631999999998 0.09073215999999999 0.06491519999999999 0.0582112 0.04217728 0.020760320000000002 0.007504 
0.03507616 0.06466416 0.11682112 0.13278064000000003 0.12876303999999997 0.11435072 0.11153151999999998 0.09224447999999998 0.06746735999999999 0.059546400000000006 0.04353648 0.0228496 0.010368320000000002 
0.030560319999999995 0.058464159999999994 0.1070744 0.12648816000000002 0.12685567999999997 0.11628943999999998 0.11310335999999999 0.09531584 0.07197488 0.06278976 0.046760960000000004 0.02669712 0.017625919999999996 
0.025025279999999997 0.04971232 0.09319312 0.11499056 0.12163632 0.11664128 0.11526799999999998 0.09982464 0.07871744 0.06814448 0.05232 0.032971520000000004 0.03155504 
0.01933344 0.039821279999999994 0.0765424 0.09930880000000002 0.11124224 0.11374511999999999 0.11585215999999998 0.10500944 0.08700144 0.07575824 0.060056 0.04166688 0.05466256000000001 
0.015288000000000001 0.03103344 0.061037280000000006 0.0813784 0.09634480000000001 0.10500223999999998 0.11312111999999998 0.10774015999999999 0.09486944000000001 0.08466144 0.06936223999999999 0.051632 0.08852943999999999 
0.01127392 0.023916 0.046678880000000006 0.06460352 0.07919264000000001 0.0917432 0.10454207999999998 0.10713903999999998 0.10026256 0.09314384000000002 0.07994479999999998 0.06315008 0.13440944000000002 
0.007777279999999999 0.017225920000000002 0.03470896 0.04913904 0.06309568 0.07601824000000001 0.09142576 0.10041535999999998 0.10198063999999998 0.09907216 0.08989008 0.07565936 0.19359151999999996 
0.004876480000000001 0.01150928 0.02399328 0.03625152 0.048193599999999996 0.06110528 0.0758192 0.08883824 0.09718095999999998 0.10123423999999999 0.097032 0.08720304000000001 0.2667628799999998 
0.00264992 0.00690448 0.015186720000000003 0.02483152 0.03573776 0.047111999999999994 0.06099712 0.07441312 0.08708064 0.09677535999999999 0.10012559999999998 0.09557184 0.3526139199999998 
0.001176 0.0035499200000000002 0.00853648 0.015558720000000002 0.024603519999999997 0.03525776 0.047063999999999995 0.06037312 0.07363312 0.08690064000000002 0.09628335999999998 0.09947759999999999 0.44758575999999983 

0.04362639999999999 0.07976304000000001 0.12219151999999998 0.14792032000000002 0.11543696000000002 0.11094448 0.10245407999999999 0.08834304000000001 0.06749392000000001 0.05160496 0.03903984 0.022087520000000003 0.00909392 
0.03650559999999999 0.07187856000000001 0.11372911999999999 0.14187280000000002 0.11966816000000001 0.11321488 0.1039608 0.09102624000000001 0.07151872000000001 0.05511375999999999 0.041764319999999994 0.02538992 0.01435712 
0.0266984 0.05716784000000001 0.09671967999999999 0.12812304000000002 0.12121056000000001 0.11804304 0.10810736 0.09560304 0.07872176 0.062464479999999996 0.0479168 0.03178144000000001 0.02744256 
0.0168728 0.03975648 0.07286688 0.10581631999999999 0.11506496000000001 0.12018352 0.11481519999999999 0.10282544 0.08782688 0.07299968000000001 0.05791616 0.04160784000000001 0.051447839999999995 
0.0090896 0.023907360000000002 0.04821376 0.07776736 0.09878176000000001 0.11451167999999999 0.11844464 0.11196976 0.09863632 0.08474432 0.07054943999999999 0.05451744000000001 0.08886656 
0.0040663999999999995 0.01223664 0.027690879999999998 0.050406079999999985 0.07462032 0.09853424 0.11373376 0.11717168 0.11009568 0.09725728 0.08364815999999999 0.06902895999999999 0.14150991999999998 
0.0015088 0.00523408 0.013640480000000002 0.02850432 0.049238399999999995 0.07452848 0.0982456 0.11326144 0.11647632 0.109584 0.09685055999999999 0.08308399999999999 0.20984351999999998 
4.783999999999999E-4 0.00187904 0.0056792 0.013898400000000003 0.028134080000000002 0.04920928 0.07443696 0.09809584 0.11304096000000001 0.11631407999999999 0.10945503999999999 0.09667168 0.29270704000000003 
1.472E-4 5.9232E-4 0.002016 0.00575856 0.013784480000000002 0.02812512 0.04918112 0.07439087999999999 0.098028 0.11299104 0.11627439999999999 0.1094 0.3893108799999999 
3.68E-5 1.7568E-4 6.2656E-4 0.00203584 0.00573008 0.013782240000000001 0.02811808 0.0491696 0.07437392 0.09801552 0.11298112 0.11626063999999998 0.49869392 
0.0 3.68E-5 1.7568E-4 6.2656E-4 0.00203584 0.00573008 0.013782240000000001 0.02811808 0.0491696 0.07437392 0.09801552 0.11298112 0.61495456 
0.0 0.0 3.68E-5 1.7568E-4 6.2656E-4 0.00203584 0.00573008 0.013782240000000001 0.02811808 0.0491696 0.07437392 0.09801552 0.7279356800000002 
0.0 0.0 3.68E-5 1.7568E-4 6.2656E-4 0.00203584 0.00573008 0.013782240000000001 0.02811808 0.0491696 0.07437392 0.09801552 0.7279356800000002 

0.0 0.0 0.0 0.0 0.0 0.0 0.0 0.0 0.0 0.0 0.0 0.0 0.0 
0.0 0.0 0.0 0.0 0.0 0.0 0.0 0.0 0.0 0.0 0.0 0.0 0.0 
0.03782016 0.068144 0.12168512000000001 0.13556352 0.12866751999999998 0.1129632 0.11085631999999998 0.09073215999999999 0.06491519999999999 0.0582112 0.04217728 0.020760320000000002 0.007504 
0.03507616 0.06466416 0.11682112 0.13278064000000003 0.12876303999999997 0.11435072 0.11153151999999998 0.09224447999999998 0.06746735999999999 0.059546400000000006 0.04353648 0.0228496 0.010368320000000002 
0.030560319999999995 0.058464159999999994 0.1070744 0.12648816000000002 0.12685567999999997 0.11628943999999998 0.11310335999999999 0.09531584 0.07197488 0.06278976 0.046760960000000004 0.02669712 0.017625919999999996 
0.025025279999999997 0.04971232 0.09319312 0.11499056 0.12163632 0.11664128 0.11526799999999998 0.09982464 0.07871744 0.06814448 0.05232 0.032971520000000004 0.03155504 
0.01933344 0.039821279999999994 0.0765424 0.09930880000000002 0.11124224 0.11374511999999999 0.11585215999999998 0.10500944 0.08700144 0.07575824 0.060056 0.04166688 0.05466256000000001 
0.015288000000000001 0.03103344 0.061037280000000006 0.0813784 0.09634480000000001 0.10500223999999998 0.11312111999999998 0.10774015999999999 0.09486944000000001 0.08466144 0.06936223999999999 0.051632 0.08852943999999999 
0.01127392 0.023916 0.046678880000000006 0.06460352 0.07919264000000001 0.0917432 0.10454207999999998 0.10713903999999998 0.10026256 0.09314384000000002 0.07994479999999998 0.06315008 0.13440944000000002 
0.007777279999999999 0.017225920000000002 0.03470896 0.04913904 0.06309568 0.07601824000000001 0.09142576 0.10041535999999998 0.10198063999999998 0.09907216 0.08989008 0.07565936 0.19359151999999996 
0.004876480000000001 0.01150928 0.02399328 0.03625152 0.048193599999999996 0.06110528 0.0758192 0.08883824 0.09718095999999998 0.10123423999999999 0.097032 0.08720304000000001 0.2667628799999998 
0.00264992 0.00690448 0.015186720000000003 0.02483152 0.03573776 0.047111999999999994 0.06099712 0.07441312 0.08708064 0.09677535999999999 0.10012559999999998 0.09557184 0.3526139199999998 
0.001176 0.0035499200000000002 0.00853648 0.015558720000000002 0.024603519999999997 0.03525776 0.047063999999999995 0.06037312 0.07363312 0.08690064000000002 0.09628335999999998 0.09947759999999999 0.44758575999999983 

0.04362639999999999 0.07976304000000001 0.12219151999999998 0.14792032000000002 0.11543696000000002 0.11094448 0.10245407999999999 0.08834304000000001 0.06749392000000001 0.05160496 0.03903984 0.022087520000000003 0.00909392 
0.03650559999999999 0.07187856000000001 0.11372911999999999 0.14187280000000002 0.11966816000000001 0.11321488 0.1039608 0.09102624000000001 0.07151872000000001 0.05511375999999999 0.041764319999999994 0.02538992 0.01435712 
0.0266984 0.05716784000000001 0.09671967999999999 0.12812304000000002 0.12121056000000001 0.11804304 0.10810736 0.09560304 0.07872176 0.062464479999999996 0.0479168 0.03178144000000001 0.02744256 
0.0168728 0.03975648 0.07286688 0.10581631999999999 0.11506496000000001 0.12018352 0.11481519999999999 0.10282544 0.08782688 0.07299968000000001 0.05791616 0.04160784000000001 0.051447839999999995 
0.0090896 0.023907360000000002 0.04821376 0.07776736 0.09878176000000001 0.11451167999999999 0.11844464 0.11196976 0.09863632 0.08474432 0.07054943999999999 0.05451744000000001 0.08886656 
0.0040663999999999995 0.01223664 0.027690879999999998 0.050406079999999985 0.07462032 0.09853424 0.11373376 0.11717168 0.11009568 0.09725728 0.08364815999999999 0.06902895999999999 0.14150991999999998 
0.0015088 0.00523408 0.013640480000000002 0.02850432 0.049238399999999995 0.07452848 0.0982456 0.11326144 0.11647632 0.109584 0.09685055999999999 0.08308399999999999 0.20984351999999998 
4.783999999999999E-4 0.00187904 0.0056792 0.013898400000000003 0.028134080000000002 0.04920928 0.07443696 0.09809584 0.11304096000000001 0.11631407999999999 0.10945503999999999 0.09667168 0.29270704000000003 
1.472E-4 5.9232E-4 0.002016 0.00575856 0.013784480000000002 0.02812512 0.04918112 0.07439087999999999 0.098028 0.11299104 0.11627439999999999 0.1094 0.3893108799999999 
3.68E-5 1.7568E-4 6.2656E-4 0.00203584 0.00573008 0.013782240000000001 0.02811808 0.0491696 0.07437392 0.09801552 0.11298112 0.11626063999999998 0.49869392 
0.0 3.68E-5 1.7568E-4 6.2656E-4 0.00203584 0.00573008 0.013782240000000001 0.02811808 0.0491696 0.07437392 0.09801552 0.11298112 0.61495456 
0.0 0.0 3.68E-5 1.7568E-4 6.2656E-4 0.00203584 0.00573008 0.013782240000000001 0.02811808 0.0491696 0.07437392 0.09801552 0.7279356800000002 
0.0 0.0 3.68E-5 1.7568E-4 6.2656E-4 0.00203584 0.00573008 0.013782240000000001 0.02811808 0.0491696 0.07437392 0.09801552 0.7279356800000002 

0.0 0.0 0.0 0.0 0.0 0.0 0.0 0.0 0.0 0.0 0.0 0.0 0.0 
0.0 0.0 0.0 0.0 0.0 0.0 0.0 0.0 0.0 0.0 0.0 0.0 0.0 
0.03782016 0.068144 0.12168512000000001 0.13556352 0.12866751999999998 0.1129632 0.11085631999999998 0.09073215999999999 0.06491519999999999 0.0582112 0.04217728 0.020760320000000002 0.007504 
0.03507616 0.06466416 0.11682112 0.13278064000000003 0.12876303999999997 0.11435072 0.11153151999999998 0.09224447999999998 0.06746735999999999 0.059546400000000006 0.04353648 0.0228496 0.010368320000000002 
0.030560319999999995 0.058464159999999994 0.1070744 0.12648816000000002 0.12685567999999997 0.11628943999999998 0.11310335999999999 0.09531584 0.07197488 0.06278976 0.046760960000000004 0.02669712 0.017625919999999996 
0.025025279999999997 0.04971232 0.09319312 0.11499056 0.12163632 0.11664128 0.11526799999999998 0.09982464 0.07871744 0.06814448 0.05232 0.032971520000000004 0.03155504 
0.01933344 0.039821279999999994 0.0765424 0.09930880000000002 0.11124224 0.11374511999999999 0.11585215999999998 0.10500944 0.08700144 0.07575824 0.060056 0.04166688 0.05466256000000001 
0.015288000000000001 0.03103344 0.061037280000000006 0.0813784 0.09634480000000001 0.10500223999999998 0.11312111999999998 0.10774015999999999 0.09486944000000001 0.08466144 0.06936223999999999 0.051632 0.08852943999999999 
0.01127392 0.023916 0.046678880000000006 0.06460352 0.07919264000000001 0.0917432 0.10454207999999998 0.10713903999999998 0.10026256 0.09314384000000002 0.07994479999999998 0.06315008 0.13440944000000002 
0.007777279999999999 0.017225920000000002 0.03470896 0.04913904 0.06309568 0.07601824000000001 0.09142576 0.10041535999999998 0.10198063999999998 0.09907216 0.08989008 0.07565936 0.19359151999999996 
0.004876480000000001 0.01150928 0.02399328 0.03625152 0.048193599999999996 0.06110528 0.0758192 0.08883824 0.09718095999999998 0.10123423999999999 0.097032 0.08720304000000001 0.2667628799999998 
0.00264992 0.00690448 0.015186720000000003 0.02483152 0.03573776 0.047111999999999994 0.06099712 0.07441312 0.08708064 0.09677535999999999 0.10012559999999998 0.09557184 0.3526139199999998 
0.001176 0.0035499200000000002 0.00853648 0.015558720000000002 0.024603519999999997 0.03525776 0.047063999999999995 0.06037312 0.07363312 0.08690064000000002 0.09628335999999998 0.09947759999999999 0.44758575999999983 

0.04362639999999999 0.07976304000000001 0.12219151999999998 0.14792032000000002 0.11543696000000002 0.11094448 0.10245407999999999 0.08834304000000001 0.06749392000000001 0.05160496 0.03903984 0.022087520000000003 0.00909392 
0.03650559999999999 0.07187856000000001 0.11372911999999999 0.14187280000000002 0.11966816000000001 0.11321488 0.1039608 0.09102624000000001 0.07151872000000001 0.05511375999999999 0.041764319999999994 0.02538992 0.01435712 
0.0266984 0.05716784000000001 0.09671967999999999 0.12812304000000002 0.12121056000000001 0.11804304 0.10810736 0.09560304 0.07872176 0.062464479999999996 0.0479168 0.03178144000000001 0.02744256 
0.0168728 0.03975648 0.07286688 0.10581631999999999 0.11506496000000001 0.12018352 0.11481519999999999 0.10282544 0.08782688 0.07299968000000001 0.05791616 0.04160784000000001 0.051447839999999995 
0.0090896 0.023907360000000002 0.04821376 0.07776736 0.09878176000000001 0.11451167999999999 0.11844464 0.11196976 0.09863632 0.08474432 0.07054943999999999 0.05451744000000001 0.08886656 
0.0040663999999999995 0.01223664 0.027690879999999998 0.050406079999999985 0.07462032 0.09853424 0.11373376 0.11717168 0.11009568 0.09725728 0.08364815999999999 0.06902895999999999 0.14150991999999998 
0.0015088 0.00523408 0.013640480000000002 0.02850432 0.049238399999999995 0.07452848 0.0982456 0.11326144 0.11647632 0.109584 0.09685055999999999 0.08308399999999999 0.20984351999999998 
4.783999999999999E-4 0.00187904 0.0056792 0.013898400000000003 0.028134080000000002 0.04920928 0.07443696 0.09809584 0.11304096000000001 0.11631407999999999 0.10945503999999999 0.09667168 0.29270704000000003 
1.472E-4 5.9232E-4 0.002016 0.00575856 0.013784480000000002 0.02812512 0.04918112 0.07439087999999999 0.098028 0.11299104 0.11627439999999999 0.1094 0.3893108799999999 
3.68E-5 1.7568E-4 6.2656E-4 0.00203584 0.00573008 0.013782240000000001 0.02811808 0.0491696 0.07437392 0.09801552 0.11298112 0.11626063999999998 0.49869392 
0.0 3.68E-5 1.7568E-4 6.2656E-4 0.00203584 0.00573008 0.013782240000000001 0.02811808 0.0491696 0.07437392 0.09801552 0.11298112 0.61495456 
0.0 0.0 3.68E-5 1.7568E-4 6.2656E-4 0.00203584 0.00573008 0.013782240000000001 0.02811808 0.0491696 0.07437392 0.09801552 0.7279356800000002 
0.0 0.0 3.68E-5 1.7568E-4 6.2656E-4 0.00203584 0.00573008 0.013782240000000001 0.02811808 0.0491696 0.07437392 0.09801552 0.7279356800000002 

0.0 0.0 0.0 0.0 0.0 0.0 0.0 0.0 0.0 0.0 0.0 0.0 0.0 
0.0 0.0 0.0 0.0 0.0 0.0 0.0 0.0 0.0 0.0 0.0 0.0 0.0 
0.0 0.0 0.0 0.0 0.0 0.0 0.0 0.0 0.0 0.0 0.0 0.0 0.0 
0.03507616 0.06466416 0.11682112 0.13278064000000003 0.12876303999999997 0.11435072 0.11153151999999998 0.09224447999999998 0.06746735999999999 0.059546400000000006 0.04353648 0.0228496 0.010368320000000002 
0.030560319999999995 0.058464159999999994 0.1070744 0.12648816000000002 0.12685567999999997 0.11628943999999998 0.11310335999999999 0.09531584 0.07197488 0.06278976 0.046760960000000004 0.02669712 0.017625919999999996 
0.025025279999999997 0.04971232 0.09319312 0.11499056 0.12163632 0.11664128 0.11526799999999998 0.09982464 0.07871744 0.06814448 0.05232 0.032971520000000004 0.03155504 
0.01933344 0.039821279999999994 0.0765424 0.09930880000000002 0.11124224 0.11374511999999999 0.11585215999999998 0.10500944 0.08700144 0.07575824 0.060056 0.04166688 0.05466256000000001 
0.015288000000000001 0.03103344 0.061037280000000006 0.0813784 0.09634480000000001 0.10500223999999998 0.11312111999999998 0.10774015999999999 0.09486944000000001 0.08466144 0.06936223999999999 0.051632 0.08852943999999999 
0.01127392 0.023916 0.046678880000000006 0.06460352 0.07919264000000001 0.0917432 0.10454207999999998 0.10713903999999998 0.10026256 0.09314384000000002 0.07994479999999998 0.06315008 0.13440944000000002 
0.007777279999999999 0.017225920000000002 0.03470896 0.04913904 0.06309568 0.07601824000000001 0.09142576 0.10041535999999998 0.10198063999999998 0.09907216 0.08989008 0.07565936 0.19359151999999996 
0.004876480000000001 0.01150928 0.02399328 0.03625152 0.048193599999999996 0.06110528 0.0758192 0.08883824 0.09718095999999998 0.10123423999999999 0.097032 0.08720304000000001 0.2667628799999998 
0.00264992 0.00690448 0.015186720000000003 0.02483152 0.03573776 0.047111999999999994 0.06099712 0.07441312 0.08708064 0.09677535999999999 0.10012559999999998 0.09557184 0.3526139199999998 
0.001176 0.0035499200000000002 0.00853648 0.015558720000000002 0.024603519999999997 0.03525776 0.047063999999999995 0.06037312 0.07363312 0.08690064000000002 0.09628335999999998 0.09947759999999999 0.44758575999999983 

0.04362639999999999 0.07976304000000001 0.12219151999999998 0.14792032000000002 0.11543696000000002 0.11094448 0.10245407999999999 0.08834304000000001 0.06749392000000001 0.05160496 0.03903984 0.022087520000000003 0.00909392 
0.03650559999999999 0.07187856000000001 0.11372911999999999 0.14187280000000002 0.11966816000000001 0.11321488 0.1039608 0.09102624000000001 0.07151872000000001 0.05511375999999999 0.041764319999999994 0.02538992 0.01435712 
0.0266984 0.05716784000000001 0.09671967999999999 0.12812304000000002 0.12121056000000001 0.11804304 0.10810736 0.09560304 0.07872176 0.062464479999999996 0.0479168 0.03178144000000001 0.02744256 
0.0168728 0.03975648 0.07286688 0.10581631999999999 0.11506496000000001 0.12018352 0.11481519999999999 0.10282544 0.08782688 0.07299968000000001 0.05791616 0.04160784000000001 0.051447839999999995 
0.0090896 0.023907360000000002 0.04821376 0.07776736 0.09878176000000001 0.11451167999999999 0.11844464 0.11196976 0.09863632 0.08474432 0.07054943999999999 0.05451744000000001 0.08886656 
0.0040663999999999995 0.01223664 0.027690879999999998 0.050406079999999985 0.07462032 0.09853424 0.11373376 0.11717168 0.11009568 0.09725728 0.08364815999999999 0.06902895999999999 0.14150991999999998 
0.0015088 0.00523408 0.013640480000000002 0.02850432 0.049238399999999995 0.07452848 0.0982456 0.11326144 0.11647632 0.109584 0.09685055999999999 0.08308399999999999 0.20984351999999998 
4.783999999999999E-4 0.00187904 0.0056792 0.013898400000000003 0.028134080000000002 0.04920928 0.07443696 0.09809584 0.11304096000000001 0.11631407999999999 0.10945503999999999 0.09667168 0.29270704000000003 
1.472E-4 5.9232E-4 0.002016 0.00575856 0.013784480000000002 0.02812512 0.04918112 0.07439087999999999 0.098028 0.11299104 0.11627439999999999 0.1094 0.3893108799999999 
3.68E-5 1.7568E-4 6.2656E-4 0.00203584 0.00573008 0.013782240000000001 0.02811808 0.0491696 0.07437392 0.09801552 0.11298112 0.11626063999999998 0.49869392 
0.0 0.0 3.68E-5 1.7568E-4 6.2656E-4 0.00203584 0.00573008 0.013782240000000001 0.02811808 0.0491696 0.07437392 0.09801552 0.7279356800000002 
0.0 0.0 3.68E-5 1.7568E-4 6.2656E-4 0.00203584 0.00573008 0.013782240000000001 0.02811808 0.0491696 0.07437392 0.09801552 0.7279356800000002 
0.0 0.0 3.68E-5 1.7568E-4 6.2656E-4 0.00203584 0.00573008 0.013782240000000001 0.02811808 0.0491696 0.07437392 0.09801552 0.7279356800000002 